%YAML:1.0

#common parameters
preset_position_sum: 6
ID_sum: 9
1_1: "110KV 桥开关流变C相母线侧"
1_2: "110KV 桥开关流变C相开关侧"
1_3: "-1"
1_4: "-1"
1_5: "-1"
1_6: "-1"
1_7: "-1"
1_8: "-1"
1_9: "-1"

2_1: "110KV 桥开关流变B相母线侧"
2_2: "110KV 桥开关流变B相开关侧"
2_3: "-1"
2_4: "-1"
2_5: "-1"
2_6: "-1"
2_7: "-1"
2_8: "-1"
2_9: "-1"

3_1: "110KV 桥开关流变A相母线侧"
3_2: "110KV 桥开关流变A相开关侧"
3_3: "-1"
3_4: "-1"
3_5: "-1"
3_6: "-1"
3_7: "-1"
3_8: "-1"
3_9: "-1"

4_1: "曙屏1902流变C相闸刀侧"
4_2: "曙屏1902流变C相开关侧"
4_3: "曙屏1902流变B相闸刀侧"
4_4: "曙屏1902流变B相开关侧"
4_5: "曙屏1902流变A相闸刀侧"
4_6: "曙屏1902流变A相开关侧"
4_7: "-1"
4_8: "-1"
4_9: "-1"

5_1: "曙屏1902线路C相触点开关侧"
5_2: "曙屏1902线路C相触点线路侧"
5_3: "曙屏1902线路C相闸刀"
5_4: "曙屏1902线路B相触点开关侧"
5_5: "曙屏1902线路B相触点线路侧"
5_6: "曙屏1902线路B相闸刀"
5_7: "曙屏1902线路C相触点开关侧"
5_8: "曙屏1902线路C相触点线路侧"
5_9: "曙屏1902线路C相闸刀"

6_1: "-1"
6_2: "-1"
6_3: "-1"
6_4: "-1"
6_5: "-1"
6_6: "-1"
6_7: "-1"
6_8: "-1"
6_9: "-1"